1 0.053719008264462804 0.11735537190082646 0.06115702479338843 0.11900826446280992
1 0.13305785123966943 0.28429752066115704 0.07107438016528925 0.11900826446280992
1 0.2487603305785124 0.18677685950413225 0.07438016528925623 0.12892561983471076
1 0.6446280991735537 0.24462809917355371 0.08925619834710745 0.13884297520661157
1 0.8206611570247935 0.16280991735537192 0.07107438016528916 0.0809917355371901
1 0.5082644628099173 0.7438016528925622 0.10413223140495859 0.18181818181818174
1 0.4826446280991735 0.9165289256198348 0.12892561983471082 0.10743801652892557
1 0.2785123966942149 0.7371900826446282 0.09421487603305781 0.16528925619834708
1 0.06942148760330578 0.8669421487603306 0.09256198347107439 0.11404958677685954
1 0.7371900826446282 0.8099173553719009 0.056198347107438026 0.09917355371900825
0 0.4380165289256198 0.2239669421487603 0.21487603305785113 0.4380165289256198
0 0.8834710743801654 0.7975206611570248 0.20991735537190082 0.4049586776859504
