0 0.4520661157024793 0.21818181818181817 0.2198347107438017 0.41983471074380163
0 0.27438016528925613 0.7892561983471075 0.23471074380165283 0.4148760330578512
0 0.8661157024793389 0.7776859504132232 0.2347107438016529 0.424793388429752
1 0.4454545454545455 0.6925619834710744 0.07107438016528932 0.07933884297520649
1 0.4834710743801653 0.9190082644628099 0.07107438016528916 0.10578512396694208
1 0.6297520661157024 0.7024793388429751 0.07272727272727274 0.11239669421487591
1 0.7347107438016529 0.7983471074380165 0.06446280991735534 0.07933884297520677
1 0.6371900826446282 0.2586776859504132 0.09421487603305771 0.09421487603305781
1 0.8140495867768596 0.17024793388429754 0.0743801652892563 0.08264462809917356
1 0.25041322314049586 0.1933884297520661 0.10082644628099174 0.0859504132231405
1 0.13884297520661157 0.28677685950413223 0.09586776859504133 0.08760330578512403
1 0.04132231404958677 0.10826446280991736 0.07272727272727272 0.10082644628099174
