0 0.44380165289256196 0.21487603305785122 0.20991735537190082 0.41983471074380163
0 0.27107438016528923 0.7834710743801652 0.21487603305785125 0.4198347107438016
0 0.868595041322314 0.7793388429752066 0.23305785123966927 0.43471074380165287
1 0.43966942148760324 0.6925619834710744 0.07603305785123972 0.09256198347107443
1 0.4851239669421487 0.9231404958677686 0.08099173553719005 0.10413223140495859
1 0.6305785123966942 0.7049586776859504 0.08760330578512388 0.08760330578512394
1 0.7380165289256199 0.8 0.06776859504132232 0.08925619834710745
1 0.6289256198347107 0.25206611570247933 0.08760330578512394 0.10743801652892557
1 0.8223140495867767 0.171900826446281 0.0611570247933885 0.08264462809917354
1 0.24793388429752067 0.19173553719008266 0.09586776859504134 0.08264462809917354
1 0.13719008264462812 0.2892561983471074 0.09256198347107437 0.09256198347107443
1 0.04132231404958677 0.10991735537190081 0.07272727272727272 0.08760330578512394
