0 0.44710743801652897 0.2190082644628099 0.2132231404958678 0.4314049586776859
0 0.2834710743801653 0.7909090909090909 0.2231404958677686 0.40165289256198344
0 0.8710743801652893 0.7801652892561983 0.2347107438016529 0.4165289256198346
1 0.7388429752066117 0.8016528925619835 0.06611570247933898 0.07272727272727281
1 0.6330578512396694 0.7074380165289256 0.07933884297520656 0.08925619834710759
1 0.4504132231404958 0.6983471074380165 0.06446280991735541 0.10413223140495859
1 0.47603305785123967 0.9256198347107437 0.08264462809917361 0.11239669421487619
1 0.6322314049586777 0.24876033057851238 0.10743801652892579 0.09421487603305788
1 0.8214876033057851 0.17520661157024794 0.06942148760330583 0.08925619834710745
1 0.24958677685950412 0.1859504132231405 0.09256198347107439 0.11074380165289256
1 0.13884297520661157 0.2859504132231405 0.09256198347107437 0.09256198347107436
1 0.05041322314049587 0.11322314049586776 0.07768595041322315 0.08760330578512397
