0 0.4495867768595042 0.21074380165289255 0.2082644628099174 0.4214876033057851
0 0.8710743801652893 0.7859504132231404 0.22148760330578512 0.42809917355371896
1 0.2975206611570248 0.7512396694214877 0.08595041322314052 0.1669421487603306
1 0.5066115702479339 0.7380165289256198 0.09421487603305792 0.19669421487603295
1 0.48347107438016534 0.9140495867768595 0.07438016528925623 0.09917355371900825
1 0.06611570247933883 0.8677685950413223 0.07603305785123966 0.11239669421487605
1 0.14793388429752066 0.29173553719008266 0.08429752066115703 0.10413223140495866
1 0.2553719008264463 0.1834710743801653 0.0677685950413223 0.11570247933884296
1 0.6396694214876034 0.25619834710743805 0.0925619834710745 0.11900826446280995
1 0.8198347107438017 0.16363636363636364 0.08264462809917347 0.10578512396694215
1 0.04049586776859503 0.11074380165289256 0.07107438016528925 0.10578512396694215
