0 0.2818181818181818 0.7793388429752066 0.20991735537190082 0.4413223140495867
0 0.8801652892561984 0.7735537190082644 0.23636363636363641 0.45289256198347105
0 0.4520661157024793 0.21735537190082643 0.22314049586776855 0.43471074380165287
1 0.4479338842975207 0.6900826446280992 0.052892561983471115 0.0975206611570249
1 0.4809917355371901 0.9206611570247936 0.06611570247933883 0.09917355371900825
1 0.6338842975206611 0.706611570247934 0.0743801652892563 0.0842975206611571
1 0.731404958677686 0.796694214876033 0.06115702479338836 0.07603305785123979
1 0.6322314049586777 0.2636363636363636 0.0842975206611569 0.11404958677685947
1 0.8231404958677686 0.16776859504132233 0.06280991735537199 0.07768595041322315
1 0.25206611570247933 0.19173553719008266 0.07438016528925616 0.08264462809917354
1 0.13801652892561983 0.28677685950413223 0.08429752066115702 0.08429752066115703
1 0.04132231404958678 0.10991735537190082 0.07603305785123968 0.07107438016528925
