0 0.4363636363636364 0.21983471074380165 0.228099173553719 0.4396694214876033
0 0.8719008264462809 0.784297520661157 0.2330578512396694 0.4314049586776859
1 0.2785123966942149 0.743801652892562 0.07438016528925623 0.14545454545454534
1 0.5074380165289256 0.7231404958677686 0.06611570247933883 0.18016528925619837
1 0.4809917355371901 0.9049586776859505 0.0793388429752067 0.09090909090909094
1 0.6380165289256199 0.2512396694214876 0.08595041322314052 0.09586776859504134
1 0.8330578512396695 0.171900826446281 0.07933884297520649 0.11239669421487603
1 0.24793388429752067 0.1768595041322314 0.07603305785123972 0.09586776859504133
1 0.03884297520661157 0.11900826446280992 0.06115702479338843 0.11239669421487603
1 0.12809917355371903 0.2892561983471074 0.06446280991735537 0.09256198347107443
1 0.06694214876033057 0.8644628099173554 0.10082644628099173 0.09256198347107429
