0 0.4446280991735537 0.22148760330578515 0.22148760330578512 0.4198347107438017
0 0.2694214876033058 0.7859504132231404 0.2247933884297521 0.4214876033057851
0 0.8727272727272728 0.7776859504132232 0.22148760330578526 0.4214876033057851
1 0.6297520661157026 0.7041322314049586 0.08264462809917361 0.08925619834710759
1 0.7388429752066117 0.8008264462809918 0.07933884297520663 0.09090909090909094
1 0.4818181818181817 0.9206611570247933 0.06115702479338843 0.08595041322314045
1 0.4438016528925619 0.6909090909090909 0.08429752066115688 0.11239669421487611
1 0.628099173553719 0.25950413223140495 0.09586776859504127 0.0958677685950413
1 0.8214876033057853 0.17438016528925618 0.06611570247933883 0.07107438016528926
1 0.24793388429752064 0.19504132231404958 0.0859504132231405 0.1024793388429752
1 0.13471074380165288 0.28760330578512394 0.08429752066115702 0.08925619834710745
1 0.04049586776859505 0.11074380165289256 0.07768595041322314 0.09256198347107439
